structure(list(intercept = c(-104544.08870942, -1037773.97539112, 
-898320.790411685, -192269.933026537, -206756.908831176, -331508.659667145, 
-436852.415670845, -887732.41272704, -886323.530440753, -847598.506995872, 
-863036.194688101, -772269.088209423, -354472.485339969, -997465.976523612, 
-1141026.48011931, -888466.776213596, -173054.270502361, -950756.863610215, 
-1430486.92250508, -313015.216079996, -668146.593431938, -192037.494751827, 
-163502.791235128, -353658.422519686, -656045.222615939, -857599.716331554, 
-819287.016733562, -715956.603193233, -215742.402286098, -777027.816861231
), slope = c(54.4579213650352, 534.572312033569, 463.865394535667, 
98.8909886819585, 107.674141956644, 172.185083108392, 227.720347082518, 
459.4110824021, 456.578556760841, 437.702489175527, 446.371749997904, 
397.190262713988, 184.5721955007, 514.269966555247, 584.382463428675, 
457.040659368534, 91.0645794706294, 491.288565707695, 736.162783055948, 
162.380282895805, 343.268848375526, 100.701017795105, 87.2987323461536, 
183.922178938462, 338.529833152449, 440.328134786716, 423.960668268534, 
375.362938923078, 111.246201397203, 402.328006995107), continent = structure(c(1L, 
1L, 1L, 1L, 1L, 1L, 1L, 1L, 1L, 1L, 1L, 1L, 1L, 1L, 1L, 1L, 1L, 
1L, 1L, 1L, 1L, 1L, 1L, 1L, 1L, 1L, 1L, 1L, 1L, 1L), .Label = "Europe", class = "factor"), 
    country_reorder = structure(c(1L, 28L, 25L, 4L, 6L, 9L, 12L, 
    24L, 22L, 19L, 21L, 16L, 11L, 27L, 29L, 23L, 3L, 26L, 30L, 
    8L, 14L, 5L, 2L, 10L, 13L, 20L, 18L, 15L, 7L, 17L), .Label = c("Albania", 
    "Serbia", "Montenegro", "Bosnia and Herzegovina", "Romania", 
    "Bulgaria", "Turkey", "Poland", "Croatia", "Slovak Republic", 
    "Hungary", "Czech Republic", "Slovenia", "Portugal", "Switzerland", 
    "Greece", "United Kingdom", "Sweden", "France", "Spain", 
    "Germany", "Finland", "Italy", "Denmark", "Belgium", "Netherlands", 
    "Iceland", "Austria", "Ireland", "Norway"), class = "factor")), class = c("tbl_df", 
"tbl", "data.frame"), row.names = c(NA, -30L), .Names = c("intercept", 
"slope", "continent", "country_reorder"))
